%YAML:1.0
image_width: 1920
image_height: 1080
camera_name: left
camera_matrix: !!opencv-matrix
   rows: 3
   cols: 3
   dt: d
   data: [ 3.1595102700623715e+03, 0., 6.3658271641230556e+02, 0.,
       3.1579470582792510e+03, 4.9913862700589993e+02, 0., 0., 1. ]
distortion_coefficients: !!opencv-matrix
   rows: 8
   cols: 1
   dt: d
   data: [ 6.4060602679830647e-01, 1.1714900869889673e+01,
       -6.1797889545624077e-03, -1.7851632131633010e-03,
       -7.0578552868906769e+01, 0., 0., 0. ]
rectification_matrix: !!opencv-matrix
   rows: 3
   cols: 3
   dt: d
   data: [ 9.9942119325537238e-01, -2.2687734180727007e-04,
       3.4018039312684503e-02, 2.2490979133783716e-04,
       9.9999997280650421e-01, 6.1665035563111348e-05,
       -3.4018052378014446e-02, -5.3978353301081510e-05,
       9.9942121710455201e-01 ]
projection_matrix: !!opencv-matrix
   rows: 3
   cols: 4
   dt: d
   data: [ 3.3959224966703941e+03, 0., 5.1672461097439850e+02, 0., 0.,
       3.3959224966703941e+03, 4.9656124549865120e+02, 0., 0., 0., 1.,
       0. ]
