%YAML:1.0
image_width: 1920
image_height: 1080
camera_name: left
camera_matrix: !!opencv-matrix
   rows: 3
   cols: 3
   dt: d
   data: [ 3.1632894171615571e+03, 0., 6.3746049549951749e+02, 0.,
       3.1604831148830617e+03, 4.9555664840827490e+02, 0., 0., 1. ]
distortion_coefficients: !!opencv-matrix
   rows: 8
   cols: 1
   dt: d
   data: [ 6.4637445846979713e-01, 1.2252288387842786e+01,
       -5.7276936846874680e-03, 3.2684085213903718e-03,
       -8.5599247879331614e+01, 0., 0., 0. ]
rectification_matrix: !!opencv-matrix
   rows: 3
   cols: 3
   dt: d
   data: [ 9.9941883621860073e-01, 4.7315676187517668e-04,
       -3.4084687678434679e-02, -4.7472166827266480e-04,
       9.9999988660450156e-01, -3.7819592881440446e-05,
       3.4084665918788427e-02, 5.3978353301089736e-05,
       9.9941894750677107e-01 ]
projection_matrix: !!opencv-matrix
   rows: 3
   cols: 4
   dt: d
   data: [ 3.3959224966703941e+03, 0., 7.5926614900197808e+02,
       -3.4434297255112972e+02, 0., 3.3959224966703941e+03,
       4.9656124549865120e+02, 0., 0., 0., 1., 0. ]
